

S_00: 1.392000e+03 5.120000e+02
K_00:    499.9227269272732                   0   319.5850778985193
                   0   499.6147788074767   247.3568676189872
                   0                   0   1 
D_00: -3.791375e-01 2.148119e-01 1.227094e-03 2.343833e-03 -7.910379e-02
R_00: 1.000000e+00 0.000000e+00 0.000000e+00 0.000000e+00 1.000000e+00 0.000000e+00 0.000000e+00 0.000000e+00 1.000000e+00
T_00: -7.686159e-17 -2.989062e-17 -1.366428e-16
S_rect_00: 1.224000e+03 3.700000e+02
R_rect_00: 9.999128e-01 1.009263e-02 -8.511932e-03 -1.012729e-02 9.999406e-01 -4.037671e-03 8.470675e-03 4.123522e-03 9.999556e-01
P_rect_00: 7.070493e+02 0.000000e+00 6.040814e+02 0.000000e+00 0.000000e+00 7.070493e+02 1.805066e+02 0.000000e+00 0.000000e+00 0.000000e+00 1.000000e+00 0.000000e+00
S_01: 1.392000e+03 5.120000e+02
K_01:    499.9227269272732                   0   319.5850778985193
                   0   499.6147788074767   247.3568676189872
                   0                   0   1 
D_01: -3.791375e-01 2.148119e-01 1.227094e-03 2.343833e-03 -7.910379e-02
R_01: 1.000000e+00 0.000000e+00 0.000000e+00 0.000000e+00 1.000000e+00 0.000000e+00 0.000000e+00 0.000000e+00 1.000000e+00
T_01: -7.686159e-17 -2.989062e-17 -1.366428e-16
S_rect_01: 1.224000e+03 3.700000e+02
R_rect_01: 9.999128e-01 1.009263e-02 -8.511932e-03 -1.012729e-02 9.999406e-01 -4.037671e-03 8.470675e-03 4.123522e-03 9.999556e-01
P_rect_01: 7.070493e+02 0.000000e+00 6.040814e+02 0.000000e+00 0.000000e+00 7.070493e+02 1.805066e+02 0.000000e+00 0.000000e+00 0.000000e+00 1.000000e+00 0.000000e+00
